-0.44444444444444464 -0.44444444444444464 -0.44444444444444464 Glaskörper:1_1523
-0.44444444444444464 -0.44444444444444464 -0.44444444444444464 Glaskörper:1_1524
-0.44444444444444464 -0.44444444444444464 -0.44444444444444464 Glaskörper:1_1543
-0.44444444444444464 -0.44444444444444464 -0.44444444444444464 Glaskörper:1_1544
-0.44444444444444464 -0.44444444444444464 -0.44444444444444464 Glaskörper:1_1885
-0.44444444444444464 -0.44444444444444464 -0.44444444444444464 Glaskörper:1_1886
-0.44444444444444464 -0.44444444444444464 -0.44444444444444464 Glaskörper:1_1906
-0.44444444444444464 -0.44444444444444464 -0.44444444444444464 Glaskörper:1_1907
-0.44444444444444464 -0.44444444444444464 0.44444444444444464 Glaskörper:1_4561
-0.44444444444444464 -0.44444444444444464 0.44444444444444464 Glaskörper:1_4562
-0.44444444444444464 -0.44444444444444464 0.44444444444444464 Glaskörper:1_4582
-0.44444444444444464 -0.44444444444444464 0.44444444444444464 Glaskörper:1_4583
-0.44444444444444464 -0.44444444444444464 0.44444444444444464 Glaskörper:1_4933
-0.44444444444444464 -0.44444444444444464 0.44444444444444464 Glaskörper:1_4934
-0.44444444444444464 -0.44444444444444464 0.44444444444444464 Glaskörper:1_4953
-0.44444444444444464 -0.44444444444444464 0.44444444444444464 Glaskörper:1_4954
0.44444444444444464 -0.44444444444444464 -0.44444444444444464 Glaskörper:1_1531
0.44444444444444464 -0.44444444444444464 -0.44444444444444464 Glaskörper:1_1532
0.44444444444444464 -0.44444444444444464 -0.44444444444444464 Glaskörper:1_1551
0.44444444444444464 -0.44444444444444464 -0.44444444444444464 Glaskörper:1_1552
0.44444444444444464 -0.44444444444444464 -0.44444444444444464 Glaskörper:1_1893
0.44444444444444464 -0.44444444444444464 -0.44444444444444464 Glaskörper:1_1894
0.44444444444444464 -0.44444444444444464 -0.44444444444444464 Glaskörper:1_1914
0.44444444444444464 -0.44444444444444464 -0.44444444444444464 Glaskörper:1_1915
0.44444444444444464 -0.44444444444444464 0.44444444444444464 Glaskörper:1_4569
0.44444444444444464 -0.44444444444444464 0.44444444444444464 Glaskörper:1_4570
0.44444444444444464 -0.44444444444444464 0.44444444444444464 Glaskörper:1_4590
0.44444444444444464 -0.44444444444444464 0.44444444444444464 Glaskörper:1_4591
0.44444444444444464 -0.44444444444444464 0.44444444444444464 Glaskörper:1_4941
0.44444444444444464 -0.44444444444444464 0.44444444444444464 Glaskörper:1_4942
0.44444444444444464 -0.44444444444444464 0.44444444444444464 Glaskörper:1_4961
0.44444444444444464 -0.44444444444444464 0.44444444444444464 Glaskörper:1_4962
-0.44444444444444464 0.44444444444444464 -0.44444444444444464 Glaskörper:1_1695
-0.44444444444444464 0.44444444444444464 -0.44444444444444464 Glaskörper:1_1696
-0.44444444444444464 0.44444444444444464 -0.44444444444444464 Glaskörper:1_1715
-0.44444444444444464 0.44444444444444464 -0.44444444444444464 Glaskörper:1_1716
-0.44444444444444464 0.44444444444444464 -0.44444444444444464 Glaskörper:1_2060
-0.44444444444444464 0.44444444444444464 -0.44444444444444464 Glaskörper:1_2061
-0.44444444444444464 0.44444444444444464 -0.44444444444444464 Glaskörper:1_2081
-0.44444444444444464 0.44444444444444464 -0.44444444444444464 Glaskörper:1_2082
-0.44444444444444464 0.44444444444444464 0.44444444444444464 Glaskörper:1_4736
-0.44444444444444464 0.44444444444444464 0.44444444444444464 Glaskörper:1_4737
-0.44444444444444464 0.44444444444444464 0.44444444444444464 Glaskörper:1_4757
-0.44444444444444464 0.44444444444444464 0.44444444444444464 Glaskörper:1_4758
-0.44444444444444464 0.44444444444444464 0.44444444444444464 Glaskörper:1_5105
-0.44444444444444464 0.44444444444444464 0.44444444444444464 Glaskörper:1_5106
-0.44444444444444464 0.44444444444444464 0.44444444444444464 Glaskörper:1_5125
-0.44444444444444464 0.44444444444444464 0.44444444444444464 Glaskörper:1_5126
0.44444444444444464 0.44444444444444464 -0.44444444444444464 Glaskörper:1_1703
0.44444444444444464 0.44444444444444464 -0.44444444444444464 Glaskörper:1_1704
0.44444444444444464 0.44444444444444464 -0.44444444444444464 Glaskörper:1_1723
0.44444444444444464 0.44444444444444464 -0.44444444444444464 Glaskörper:1_1724
0.44444444444444464 0.44444444444444464 -0.44444444444444464 Glaskörper:1_2068
0.44444444444444464 0.44444444444444464 -0.44444444444444464 Glaskörper:1_2069
0.44444444444444464 0.44444444444444464 -0.44444444444444464 Glaskörper:1_2089
0.44444444444444464 0.44444444444444464 -0.44444444444444464 Glaskörper:1_2090
0.44444444444444464 0.44444444444444464 0.44444444444444464 Glaskörper:1_4744
0.44444444444444464 0.44444444444444464 0.44444444444444464 Glaskörper:1_4745
0.44444444444444464 0.44444444444444464 0.44444444444444464 Glaskörper:1_4765
0.44444444444444464 0.44444444444444464 0.44444444444444464 Glaskörper:1_4766
0.44444444444444464 0.44444444444444464 0.44444444444444464 Glaskörper:1_5113
0.44444444444444464 0.44444444444444464 0.44444444444444464 Glaskörper:1_5114
0.44444444444444464 0.44444444444444464 0.44444444444444464 Glaskörper:1_5133
0.44444444444444464 0.44444444444444464 0.44444444444444464 Glaskörper:1_5134
